1.3398547172546387

0.21332502365112305

0.9251413345336914

1.1475591659545898

0.1680440902709961

0.16930437088012695

0.1836378574371338

0.17083120346069336

0.17017722129821777

0.16992950439453125

0.1703481674194336

0.16890645027160645

0.16853904724121094

0.16805720329284668

0.1691889762878418

0.17003417015075684

0.17323827743530273

0.1690845489501953

0.17311596870422363

0.17459416389465332

0.17107295989990234

0.17027664184570312

0.1712484359741211

0.16979193687438965

0.17008328437805176

0.17027854919433594

0.16888928413391113

0.17173457145690918

0.16988873481750488

0.17112255096435547

0.167128324508667

0.1707782745361328

0.17003154754638672

0.1696476936340332

0.16875696182250977

0.16886472702026367

0.16495966911315918

0.1696324348449707

0.17056632041931152

0.1681361198425293

0.16875052452087402

0.16486716270446777

0.16812777519226074

0.17049336433410645

0.16990137100219727

0.17050457000732422

0.16873431205749512

0.1661672592163086

0.16735410690307617

0.17060327529907227

0.17199134826660156

0.16996979713439941

0.1649158000946045

0.1693100929260254

0.17062783241271973

0.16836237907409668

0.16530489921569824

0.16955184936523438

0.1695413589477539

0.16648030281066895

0.16756772994995117

0.1705622673034668

0.16967988014221191

0.16614437103271484

0.16875290870666504

0.1652836799621582

0.1682422161102295

0.16930603981018066

0.16952776908874512

0.16417527198791504

0.1688084602355957

0.1681230068206787

0.16828012466430664

0.1689298152923584

0.1688520908355713

0.16840553283691406

0.1694474220275879

0.17032098770141602

0.17122721672058105

0.16934967041015625

0.16898059844970703

0.1701509952545166

0.1702404022216797

0.1682450771331787

0.16970205307006836

0.16902375221252441

0.1708829402923584

0.16982483863830566

0.17001628875732422

0.16995906829833984

0.1689610481262207

0.17058658599853516

0.16877245903015137

0.1680610179901123

0.16802096366882324

0.16965699195861816

0.16819357872009277

0.16944003105163574

0.16939520835876465

0.1692190170288086

0.1703495979309082

0.16972827911376953

0.16960906982421875

0.17015457153320312

0.17112016677856445

0.17033720016479492

0.17011308670043945

0.1695690155029297

0.1681687831878662

0.170060396194458

0.16910123825073242

0.1698131561279297

0.16977286338806152

0.16970562934875488

0.17007899284362793

0.16869783401489258

0.16877317428588867

0.1696491241455078

0.1698741912841797

0.16920900344848633

0.17033696174621582

0.1703934669494629

0.16869878768920898

0.16963553428649902

0.16843461990356445

0.1699051856994629

0.16899657249450684

0.16965985298156738

0.16885757446289062

0.17072510719299316

0.1701650619506836

0.16970586776733398

0.1692662239074707

0.17041969299316406

0.17070698738098145

0.16988587379455566

0.16979026794433594

0.17026567459106445

0.1688694953918457

0.17037248611450195

0.16951346397399902

0.16962647438049316

0.16880464553833008

0.16957306861877441

0.17066431045532227

0.1694471836090088

0.17035388946533203

0.17084360122680664

0.17057466506958008

0.1709613800048828

0.1690387725830078

0.17086148262023926

0.17000532150268555

0.17009544372558594

0.17030954360961914

0.16861462593078613

0.17081904411315918

0.16901564598083496

0.1686573028564453

0.16957712173461914

0.1682748794555664

0.1712195873260498

0.17082524299621582

0.17078399658203125

0.16996431350708008

0.16861629486083984

0.17140769958496094

0.16867709159851074

0.17007946968078613

0.16880083084106445

0.16916918754577637

0.17136025428771973

0.16985130310058594

0.16905593872070312

0.16993355751037598

0.1712818145751953

0.16962528228759766

0.17037415504455566

0.1694469451904297

0.1702735424041748

0.16876649856567383

0.171278715133667

0.16884160041809082

0.17000627517700195

0.170485258102417

0.1689469814300537

0.1698908805847168

0.16927862167358398

0.1711876392364502

0.1690993309020996

0.16965603828430176

0.17006778717041016

0.16988444328308105

0.16879487037658691

0.16818714141845703

0.16910243034362793

0.17057085037231445

0.16866850852966309

0.16950750350952148

0.16872739791870117

0.17047691345214844

0.17135334014892578

0.17255353927612305

0.16888952255249023

0.16865062713623047

0.16797780990600586

0.16821908950805664

0.16965603828430176

0.17104148864746094

0.1700761318206787

0.1701967716217041

0.1703319549560547

0.1694474220275879

0.17020702362060547

0.16957974433898926

0.17180132865905762

0.17154264450073242

0.17068243026733398

0.16995525360107422

0.1695702075958252

0.1690845489501953

0.16761326789855957

0.16845250129699707

0.16895818710327148

0.17031598091125488

0.16957545280456543

0.16880249977111816

0.1692509651184082

0.17267560958862305

0.1715564727783203

0.1699965000152588

0.170881986618042

0.16800618171691895

0.16838717460632324

0.1684727668762207

0.16984915733337402

0.1709744930267334

0.1700451374053955

0.16936826705932617

0.1693735122680664

0.1703503131866455

0.1689612865447998

0.16922640800476074

0.16912627220153809

0.16932249069213867

0.17007684707641602

0.17122960090637207

0.170151948928833

0.1692655086517334

0.1702098846435547

0.17020630836486816

0.17093944549560547

0.1710822582244873

0.17059993743896484

0.17245221138000488

0.16790771484375

0.17066597938537598

0.1703948974609375

0.16973376274108887

0.1704244613647461

0.16942715644836426

0.16885972023010254

0.1695704460144043

0.16908550262451172

0.17029929161071777

0.16889715194702148

0.16950225830078125

0.16929888725280762

0.1696913242340088

0.1707613468170166

0.1715712547302246

0.17164087295532227

0.17014145851135254

0.17095494270324707

0.17207598686218262

0.168778657913208

0.16946101188659668

0.16850924491882324

0.17085671424865723

0.171156644821167

0.1710665225982666

0.1702566146850586

0.16956114768981934

0.16959190368652344

0.17145466804504395

0.17093634605407715

0.17198991775512695

0.16962957382202148

0.16925263404846191

0.16980457305908203

0.16924452781677246

0.1700763702392578

0.17269635200500488

0.168684720993042

0.1729907989501953

0.17381572723388672

0.17145252227783203

0.17034673690795898

0.16975879669189453

0.17021751403808594

1.3604755401611328

0.7418191432952881

0.2124955654144287

0.7791287899017334

0.16980552673339844

0.18147969245910645

0.17202091217041016

0.1726517677307129

0.17017126083374023

0.1685645580291748

0.17084026336669922

0.16930580139160156

0.17013955116271973

0.16760659217834473

0.16790223121643066

0.16901016235351562

0.16846680641174316

0.17047548294067383

0.17020678520202637

0.16839098930358887

0.16980886459350586

0.17078137397766113

0.1702103614807129

0.1677560806274414

0.16937804222106934

0.1697709560394287

0.16835689544677734

0.16971564292907715

0.16931486129760742

0.16897320747375488

0.16826963424682617

0.17014408111572266

0.16949677467346191

0.1696300506591797

0.1690232753753662

0.16884756088256836

0.16794085502624512

0.16984105110168457

0.17055177688598633

0.16942739486694336

0.16883563995361328

0.16739678382873535

0.16743254661560059

0.16858363151550293

0.16874980926513672

0.16845250129699707

0.1682262420654297

0.16867637634277344

0.17034006118774414

0.16949963569641113

0.17098426818847656

0.17066073417663574

0.16879582405090332

0.16818594932556152

0.1702258586883545

0.16827893257141113

0.1678159236907959

0.16973018646240234

0.1692798137664795

0.16818642616271973

0.1696321964263916

0.1676020622253418

0.168928861618042

0.16855096817016602

0.17012786865234375

0.16863107681274414

0.16998982429504395

0.16942143440246582

0.1678605079650879

0.16924142837524414

0.16700053215026855

0.16797494888305664

0.1694169044494629

0.1695237159729004

0.1689770221710205

0.16920089721679688

0.16989707946777344

0.1701054573059082

0.17039990425109863

0.16809821128845215

0.17052483558654785

0.16818785667419434

0.1701807975769043

0.17030096054077148

0.17124199867248535

0.1707611083984375

0.1686384677886963

0.16782307624816895

0.17127418518066406

0.17206931114196777

0.17140626907348633

0.16764283180236816

0.16829133033752441

0.16811442375183105

0.16985368728637695

0.16709017753601074

0.16854047775268555

0.1696181297302246

0.16965651512145996

0.16975092887878418

0.16828083992004395

0.17031288146972656

0.16986894607543945

0.1698312759399414

0.17017912864685059

0.16913771629333496

0.1698927879333496

0.16947603225708008

0.17041683197021484

0.1689307689666748

0.16794228553771973

0.17030739784240723

0.1693868637084961

0.16922569274902344

0.17096281051635742

0.169785737991333

0.16815853118896484

0.16747236251831055

0.1686408519744873

0.17087197303771973

0.16927814483642578

0.16916370391845703

0.16959404945373535

0.16867685317993164

0.16902756690979004

0.1671905517578125

0.16987347602844238

0.1689293384552002

0.17043685913085938

0.17079615592956543

0.16947126388549805

0.16868376731872559

0.16796207427978516

0.17112231254577637

0.16805267333984375

0.1684865951538086

0.16824078559875488

0.16832304000854492

0.1693267822265625

0.1687314510345459

0.1686725616455078

0.16965937614440918

0.16913056373596191

0.16845369338989258

0.16988182067871094

0.16969680786132812

0.16784334182739258

0.16956591606140137

0.16779160499572754

0.16870617866516113

0.1695539951324463

0.1678905487060547

0.16829729080200195

0.16929197311401367

0.16987395286560059

0.16827964782714844

0.16953301429748535

0.16925644874572754

0.16782712936401367

0.16746807098388672

0.17006635665893555

0.16731929779052734

0.16958308219909668

0.16831064224243164

0.169572114944458

0.16747093200683594

0.16700410842895508

0.1687300205230713

0.1711106300354004

0.17061448097229004

0.16860079765319824

0.1678297519683838

0.1679363250732422

0.1701958179473877

0.16972732543945312

0.1679983139038086

0.16980218887329102

0.16749310493469238

0.16896724700927734

0.16704821586608887

0.16816282272338867

0.1703627109527588

0.16794443130493164

0.16515660285949707

0.1705946922302246

0.1680002212524414

0.16890406608581543

0.16953825950622559

0.1695713996887207

0.17012333869934082

0.16788697242736816

0.1717064380645752

0.16861724853515625

0.16715574264526367

0.16805696487426758

0.17026948928833008

0.1699206829071045

0.1676769256591797

0.1688547134399414

0.16863775253295898

0.1695396900177002

0.17041730880737305

0.16904163360595703

0.1683971881866455

0.169173002243042

0.16684579849243164

0.1685810089111328

0.16690993309020996

0.171661376953125

0.17020320892333984

0.1712806224822998

0.1680591106414795

0.17071247100830078

0.17006230354309082

0.16783905029296875

0.1694629192352295

0.1705319881439209

0.16840696334838867

0.16892528533935547

0.16853117942810059

0.16817665100097656

0.17023158073425293

0.16814398765563965

0.16752934455871582

0.167893648147583

0.17081594467163086

0.1688365936279297

0.16811633110046387

0.16850662231445312

0.1690373420715332

0.17146968841552734

0.16823792457580566

0.16936969757080078

0.1679246425628662

0.1677567958831787

0.16935372352600098

0.1669294834136963

0.16663217544555664

0.1678001880645752

0.17075848579406738

0.17073345184326172

0.16794228553771973

0.168809175491333

0.16802167892456055

0.16992497444152832

0.16740894317626953

0.16708970069885254

0.16792893409729004

0.16870522499084473

0.16770386695861816

0.1673133373260498

0.1708085536956787

0.16960716247558594

0.16756105422973633

0.16965413093566895

0.16827630996704102

0.17074322700500488

0.1689925193786621

0.16824769973754883

0.16832304000854492

0.16682839393615723

0.16966819763183594

0.16762185096740723

0.1663060188293457

0.17108488082885742

0.1678919792175293

0.1681995391845703

0.16814661026000977

0.1672065258026123

0.16761302947998047

0.16958284378051758

0.1668686866760254

0.1687915325164795

0.17090368270874023

0.16782116889953613

0.16774940490722656

0.1686112880706787

0.16951298713684082

0.16743087768554688

0.16717243194580078

0.16878914833068848

0.1711118221282959

0.16855835914611816

0.16792583465576172

0.17061161994934082

0.16754651069641113

0.17101025581359863

0.16898679733276367

0.16739821434020996

0.17034530639648438

0.16965246200561523

0.16847658157348633

0.16876530647277832

0.17089176177978516

0.16663384437561035

0.16993117332458496

0.1682133674621582

0.16918396949768066

0.16953611373901367

0.17085790634155273

0.05509066581726074

0.053513288497924805

0.05592846870422363

0.05332446098327637

0.05292677879333496

0.05548405647277832

0.0549774169921875

0.054944515228271484

0.05471920967102051

0.05409646034240723

0.05475592613220215

0.05441737174987793

0.05439448356628418

0.05469226837158203

0.054878950119018555

0.05475020408630371

0.05472683906555176

0.05728864669799805

0.05573296546936035

0.056069374084472656

0.05554819107055664

0.05539369583129883

0.05564427375793457

0.055368661880493164

0.05501222610473633

0.054161787033081055

0.054329872131347656

0.0547027587890625

0.055072784423828125

0.054473161697387695

0.05473780632019043

0.05565643310546875

0.05593514442443848

0.05361318588256836

0.055226802825927734

0.05472087860107422

0.054315805435180664

0.053125619888305664

0.05487370491027832

0.05527544021606445

0.055046796798706055

0.05367398262023926

0.05411887168884277

0.055716514587402344

0.05447077751159668

0.05388021469116211

0.054819345474243164

0.05564260482788086

0.0543820858001709

0.05331087112426758

0.05522751808166504

0.05503511428833008

0.05437803268432617

0.05315446853637695

0.0564577579498291

0.05516529083251953

0.054274559020996094

0.0531163215637207

0.05555438995361328

0.054788827896118164

0.05491280555725098

0.054439544677734375

0.053992271423339844

0.05617070198059082

0.0546722412109375

0.05353236198425293

0.054849863052368164

0.05500984191894531

0.055877685546875

0.05452251434326172

0.054763078689575195

0.05610775947570801

0.055188655853271484

0.05369853973388672

0.055023193359375

0.054955482482910156

0.0547792911529541

0.05389523506164551

0.05503988265991211

0.056078195571899414

0.05473494529724121

0.053284406661987305

0.05522346496582031

0.05459713935852051

0.055184125900268555

0.053984642028808594

0.055207252502441406

0.05589008331298828

0.054926156997680664

0.053559064865112305

0.05517292022705078

0.05467534065246582

0.054056644439697266

0.05329632759094238

0.05658912658691406

0.054848432540893555

0.0539860725402832

0.053063154220581055

0.05575966835021973

0.0547490119934082

0.054280996322631836

0.0534052848815918

0.05365562438964844

0.05589437484741211

0.05492687225341797

0.05315852165222168

0.055022239685058594

0.05495023727416992

0.05476689338684082

0.053323984146118164

0.05439352989196777

0.05570101737976074

0.05504035949707031

0.05290699005126953

0.05448770523071289

0.05495810508728027

0.054601430892944336

0.05327725410461426

0.054558753967285156

0.05604124069213867

0.05507612228393555

0.05234479904174805

0.05465555191040039

0.05497574806213379

0.054930925369262695

0.05294036865234375

0.05460762977600098

0.0564572811126709

0.05576634407043457

0.052755117416381836

0.05484938621520996

0.05514097213745117

0.055214881896972656

0.05274462699890137

0.05603837966918945

0.05526614189147949

0.05512094497680664

0.05285024642944336

0.05566096305847168

0.05488181114196777

0.0544133186340332

0.0535891056060791

0.05370187759399414

0.05617928504943848

0.05490899085998535

0.05313611030578613

0.05537104606628418

0.055295467376708984

0.05310797691345215

0.05418753623962402

0.05369830131530762

0.05625796318054199

0.05285954475402832

0.05407381057739258

0.05472898483276367

0.05500507354736328

0.053078413009643555

0.05437493324279785

0.055092811584472656

0.05512499809265137

0.05345726013183594

0.054288625717163086

0.05515909194946289

0.055350303649902344

0.05356907844543457

0.05488848686218262

0.05481410026550293

0.05517268180847168

0.053182125091552734

0.05475592613220215

0.05455946922302246

0.05481100082397461

0.05277085304260254

0.054212093353271484

0.05459475517272949

0.05471634864807129

0.05328083038330078

0.054372549057006836

0.0553743839263916

0.054708003997802734

0.05352592468261719

0.05498504638671875

0.05504155158996582

0.05486130714416504

0.053498268127441406

0.05520057678222656

0.0552365779876709

0.05506539344787598

0.05340242385864258

0.05503582954406738

0.055324554443359375

0.054497480392456055

0.05327153205871582

0.054754018783569336

0.05532336235046387

0.05499696731567383

0.05333757400512695

0.055130958557128906

0.05531001091003418

0.0543975830078125

0.053229570388793945

0.05445575714111328

0.055548667907714844

0.05503249168395996

0.05289173126220703

0.05415511131286621

0.0552980899810791

0.054891347885131836

0.05307817459106445

0.05425095558166504

0.05520272254943848

0.05454516410827637

0.05349230766296387

0.05483698844909668

0.05495858192443848

0.05443406105041504

0.05306100845336914

0.05410361289978027

0.055069923400878906

0.054427146911621094

0.053685665130615234

0.054784297943115234

0.054944515228271484

0.05447268486022949

0.05335855484008789

0.05432629585266113

0.05515718460083008

0.05511641502380371

0.053307294845581055

0.05485105514526367

0.055524587631225586

0.05533790588378906

0.05322098731994629

0.05501294136047363

0.05530953407287598

0.0552365779876709

0.05350041389465332

0.05501079559326172

0.055565595626831055

0.05540919303894043

0.05374002456665039

0.05545234680175781

0.05577206611633301

0.05515742301940918

0.05379986763000488

0.055327415466308594

0.055979251861572266

0.055159568786621094

0.05377459526062012

0.05529451370239258

0.05589556694030762

0.05516481399536133

0.053483009338378906

0.05542302131652832

0.05562329292297363

0.05491018295288086

0.053537607192993164

0.05514693260192871

0.05630040168762207

0.05497145652770996

0.053656816482543945

0.05513954162597656

0.05563187599182129

0.05480313301086426

0.05330538749694824

0.05492901802062988

0.05502510070800781

0.05446362495422363

0.0534212589263916

0.054466962814331055

0.05530977249145508

0.05462813377380371

0.053337812423706055

0.05438399314880371

0.05488085746765137

0.05444073677062988

0.05337405204772949

0.05446124076843262

0.05538296699523926

0.05490612983703613

0.05363941192626953

0.054564476013183594

0.055693626403808594

0.054450035095214844

0.053893089294433594

0.05478191375732422

0.055318355560302734

0.0547938346862793

0.0539095401763916

0.05499577522277832

0.056003570556640625

0.05454683303833008

0.054082393646240234

0.05531644821166992

0.05600380897521973

0.05353879928588867

0.05188870429992676

0.048486948013305664

0.0494387149810791

0.05410337448120117

0.046536922454833984

0.056801795959472656

0.05179548263549805

0.05025506019592285

0.052052974700927734

0.05205798149108887

0.05172467231750488

0.05432534217834473

0.05585527420043945

0.05431723594665527

0.05497574806213379

0.05463290214538574

0.0561823844909668

0.05429649353027344

0.05522894859313965

0.05630898475646973

0.05463767051696777

0.05478930473327637

0.057006120681762695

0.05461263656616211

0.05622386932373047

0.05682969093322754

0.056900978088378906

0.05519556999206543

0.053734779357910156

0.055058956146240234

0.05781888961791992

0.05505800247192383

0.05512690544128418

0.05625581741333008

0.056638479232788086

0.0548710823059082

0.05576634407043457

0.055272817611694336

0.05655026435852051

0.05443096160888672

0.055284738540649414

0.054608821868896484

0.05586099624633789

0.054909467697143555

0.05398988723754883

0.05562329292297363

0.05704021453857422

0.05470728874206543

0.055089473724365234

0.05532217025756836

0.056803226470947266

0.054982900619506836

0.05524587631225586

0.05543828010559082

0.056029319763183594

0.05384397506713867

0.0549929141998291

0.05523490905761719

0.05643630027770996

0.05442070960998535

0.053433895111083984

0.055599212646484375

0.057027339935302734

0.05539560317993164

0.055138587951660156

0.05491757392883301

0.05611467361450195

0.05478072166442871

0.054019927978515625

0.05518007278442383

0.05739951133728027

0.055527448654174805

0.0549008846282959

0.05485272407531738

0.05714583396911621

0.0550234317779541

0.05590391159057617

0.05612897872924805

0.056337833404541016

0.056099891662597656

0.055020809173583984

0.05675792694091797

0.056189537048339844

0.05479717254638672

0.054028987884521484

0.05568385124206543

0.05727338790893555

0.056139230728149414

0.0551605224609375

0.05571556091308594

0.05655550956726074

0.05551648139953613

0.05364203453063965

0.055901527404785156

0.05726265907287598

0.05598902702331543

0.05540609359741211

0.056925058364868164

0.05697822570800781

0.05489754676818848

0.05318784713745117

0.05585503578186035

0.05633854866027832

0.05602669715881348

0.05472159385681152

0.055348873138427734

0.05612635612487793

0.05630683898925781

0.05374455451965332

0.05508899688720703

0.05647158622741699

0.05619549751281738

0.054888248443603516

0.05641293525695801

0.05624651908874512

0.056783199310302734

0.0550997257232666

0.055208444595336914

0.0560612678527832

0.0561826229095459

0.05524301528930664

0.05652260780334473

0.05652928352355957

0.05507922172546387

0.05387163162231445

0.05498695373535156

0.05636739730834961

0.056761741638183594

0.05512809753417969

0.05678987503051758

0.056432485580444336

0.05502128601074219

0.05543637275695801

0.057088375091552734

0.055759429931640625

0.056172847747802734

0.055332183837890625

0.057549476623535156

0.056118011474609375

0.0548403263092041

0.053858041763305664

0.05555319786071777

0.05641007423400879

0.055967092514038086

0.05501103401184082

0.056636810302734375

0.0560307502746582

0.05503726005554199

0.05393266677856445

0.05563640594482422

0.056374549865722656

0.05579400062561035

0.05510449409484863

0.057077884674072266

0.05644369125366211

0.055275678634643555

0.05592846870422363

0.05535125732421875

0.056215763092041016

0.05613875389099121

0.05683302879333496

0.05692720413208008

0.05616354942321777

0.05535101890563965

0.05349230766296387

0.05541372299194336

0.0567021369934082

0.056893110275268555

0.05509757995605469

0.05675983428955078

0.0563814640045166

0.05549430847167969

0.0537109375

0.05527615547180176

0.05547690391540527

0.05580592155456543

0.055526018142700195

0.05556201934814453

0.05577731132507324

0.05528068542480469

0.05423784255981445

0.055402278900146484

0.056060791015625

0.05616426467895508

0.05545830726623535

0.05472874641418457

0.055341243743896484

0.0553281307220459

0.054833412170410156

0.05548834800720215

0.05553078651428223

0.055422067642211914

0.05585122108459473

0.05595064163208008

0.05523514747619629

0.05539202690124512

0.05390524864196777

0.0557708740234375

0.055710792541503906

0.05571627616882324

0.05552864074707031

0.05591225624084473

0.05520272254943848

0.05538821220397949

0.05437302589416504

0.05564260482788086

0.05566525459289551

0.05554652214050293

0.05625629425048828

0.056174516677856445

0.055411577224731445

0.05497026443481445

0.054998159408569336

0.05574846267700195

0.05569577217102051

0.055794477462768555

0.055094242095947266

0.056176185607910156

0.05579376220703125

0.054785966873168945

0.05487966537475586

0.05561423301696777

0.05556988716125488

0.05555272102355957

0.055639028549194336

0.0562281608581543

0.05491065979003906

0.05462455749511719

0.055471181869506836

0.05413079261779785

0.05530381202697754

0.05594682693481445

0.056249141693115234

0.05543780326843262

0.055207014083862305

0.05499529838562012

0.05571484565734863

0.05398750305175781

0.05601906776428223

0.05581045150756836

0.0564265251159668

0.05561709403991699

0.05565619468688965

0.05503344535827637

0.05552387237548828

0.05448627471923828

0.05640006065368652

0.056131601333618164

0.05625653266906738

0.055574655532836914

0.05549359321594238

0.05416536331176758

0.05542778968811035

0.0545201301574707

0.05599379539489746

0.05603766441345215

0.056409358978271484

0.05557656288146973

0.05524563789367676

0.05488133430480957

0.055081844329833984

0.05401325225830078

0.05562281608581543

0.05651521682739258

0.05536007881164551

0.05548906326293945

0.05545163154602051

0.05530595779418945

0.05553412437438965

0.053591251373291016

0.055187225341796875

0.05699777603149414

0.055820465087890625

0.05554032325744629

0.05567193031311035

0.0556941032409668

0.05516171455383301

0.054498910903930664

0.05492568016052246

0.056648969650268555

0.055117130279541016

0.05538344383239746

0.05542635917663574

0.05540204048156738

0.054700613021850586

0.0544888973236084

0.05516457557678223

0.05672287940979004

0.05468153953552246

0.05494189262390137

0.050679683685302734

0.05080723762512207

0.051116943359375

0.051496028900146484

0.053772926330566406

0.05554080009460449

0.057707786560058594

0.05682253837585449

0.05599188804626465

0.056150197982788086

0.05786013603210449

0.05757021903991699

0.0525360107421875

0.05203723907470703

0.049944162368774414

0.050388336181640625

0.05666947364807129

0.057047128677368164

0.05560874938964844

0.05603647232055664

0.05715584754943848

0.05731797218322754

0.05398893356323242

0.05512881278991699

0.05559873580932617

0.05238747596740723

0.055165767669677734

0.055860042572021484

0.054222822189331055

0.05687546730041504

0.05571866035461426

0.056485891342163086

0.054134368896484375

0.05347490310668945

0.05534195899963379

0.05595231056213379

0.05590200424194336

0.05467820167541504

0.0551908016204834

0.05710268020629883

0.0561680793762207

0.054358720779418945

0.05548715591430664

0.05599665641784668

0.05480360984802246

0.05465197563171387

0.05499458312988281

0.057390689849853516

0.054216861724853516

0.05422067642211914

0.05492091178894043

0.05690646171569824

0.054970502853393555

0.05451846122741699

0.05500531196594238

0.05691242218017578

0.05474114418029785

0.05460619926452637

0.0549168586730957

0.05768632888793945

0.05437302589416504

0.05479741096496582

0.05497026443481445

0.057476043701171875

0.05373358726501465

0.05438828468322754

0.05419039726257324

0.05682063102722168

0.053868770599365234

0.054514169692993164

0.05434703826904297

0.056941986083984375

0.053864479064941406

0.054491519927978516

0.054548025131225586

0.05585646629333496

0.05383038520812988

0.05469155311584473

0.05471324920654297

0.05663871765136719

0.05399680137634277

0.05447721481323242

0.05477499961853027

0.056378841400146484

0.05404806137084961

0.054121971130371094

0.05470395088195801

0.056003570556640625

0.054410457611083984

0.05504965782165527

0.05445551872253418

0.05654406547546387

0.054135799407958984

0.05370306968688965

0.05471968650817871

0.05656695365905762

0.05445075035095215

0.05408835411071777

0.054747581481933594

0.05684518814086914

0.054299354553222656

0.05393099784851074

0.054790496826171875

0.05665111541748047

0.05421137809753418

0.05415654182434082

0.054025888442993164

0.05668807029724121

0.05423855781555176

0.05408310890197754

0.054654836654663086

0.056624412536621094

0.054266929626464844

0.05023837089538574

0.054315805435180664

0.05651211738586426

0.054845571517944336

0.05431795120239258

0.05429434776306152

0.05686831474304199

0.05423617362976074

0.053449392318725586

0.05436873435974121

0.056844234466552734

0.05468344688415527

0.054921865463256836

0.05455136299133301

0.05726289749145508

0.0549015998840332

0.054702043533325195

0.0548863410949707

0.05711698532104492

0.05473589897155762

0.05471944808959961

0.05477762222290039

0.057953834533691406

0.05470395088195801

0.05473804473876953

0.05241537094116211

0.05711102485656738

0.05404257774353027

0.054857730865478516

0.05717873573303223

0.05506467819213867

0.05491042137145996

0.05504179000854492

0.054994821548461914

0.05648088455200195

0.05532479286193848

0.05520820617675781

0.054833412170410156

0.056998252868652344

0.054979562759399414

0.055021047592163086

0.0558316707611084

0.05469489097595215

0.05350041389465332

0.05450010299682617

0.057108402252197266

0.05501294136047363

0.054060935974121094

0.05525994300842285

0.057366371154785156

0.0547795295715332

0.05362820625305176

0.054676055908203125

0.05746960639953613

0.0539398193359375

0.053752899169921875

0.05445241928100586

0.057349205017089844

0.05484938621520996

0.053675174713134766

0.05435824394226074

0.05695199966430664

0.054764747619628906

0.053885459899902344

0.05411481857299805

0.05696582794189453

0.05464625358581543

0.05386757850646973

0.05560040473937988

0.05726361274719238

0.05463409423828125

0.0541081428527832

0.05487966537475586

0.05678296089172363

0.05455589294433594

0.0544126033782959

0.055200815200805664

0.05714225769042969

0.05457735061645508

0.05444192886352539

0.055100440979003906

0.05732893943786621

0.05431985855102539

0.05477023124694824

0.055619239807128906

0.05748605728149414

0.054445505142211914

0.05446815490722656

0.05577874183654785

0.056874752044677734

0.05437803268432617

0.05465221405029297

0.05589008331298828

0.05688595771789551

0.05474114418029785

0.05451059341430664

0.05529046058654785

0.05729079246520996

0.05464625358581543

0.054723262786865234

0.05590105056762695

0.05732083320617676

0.054128408432006836

0.054117441177368164

0.055712223052978516

0.05747842788696289

0.05441641807556152

0.05454277992248535

0.05608224868774414

0.057283878326416016

0.054523468017578125

0.05456352233886719

0.055335044860839844

0.05742669105529785

0.05410504341125488

0.05482769012451172

0.055791378021240234

0.05750608444213867

0.05421280860900879

0.054106712341308594

0.05554366111755371

0.05705738067626953

0.053958892822265625

0.054735422134399414

0.056130170822143555

0.057367801666259766

0.0542147159576416

0.05466604232788086

0.055589914321899414

0.05719327926635742

0.054306745529174805

0.05469846725463867

0.05572152137756348

0.0567777156829834

0.054346323013305664

0.05480670928955078

0.055674076080322266

0.05722928047180176

0.054074764251708984

0.05478048324584961

0.05618000030517578

0.0573887825012207

0.05425429344177246

0.05472159385681152

0.05587601661682129

0.05739188194274902

0.054009199142456055

0.05479121208190918

0.05635571479797363

0.05765962600708008

0.054204702377319336

0.05453991889953613

0.05570650100708008

0.05749702453613281

0.054265737533569336

0.05517101287841797

0.055631399154663086

0.05722379684448242

0.05431532859802246

0.054738759994506836

0.056058645248413086

0.05719256401062012

0.054517507553100586

0.054341793060302734

0.05616474151611328

0.05777168273925781

0.05498552322387695

0.054102420806884766

0.0560915470123291

0.057100772857666016

0.05442929267883301

0.05502510070800781

0.05584430694580078

0.05783724784851074

0.054837703704833984

0.05466294288635254

0.05597686767578125

0.05737662315368652

0.05443143844604492

0.05490469932556152

0.05639076232910156

0.057861328125

0.05475187301635742

0.05380582809448242

0.05368947982788086

0.04993915557861328

0.05104851722717285

0.049642086029052734

0.049921274185180664

0.0520014762878418

0.052170753479003906

0.052933454513549805

0.05613970756530762

0.0566716194152832

0.05497479438781738

0.05458855628967285

0.05514883995056152

0.05347919464111328

0.0528416633605957

0.05115628242492676

0.055464744567871094

0.05094027519226074

0.04953503608703613

0.0509641170501709

0.055657386779785156

0.05568122863769531

0.0499873161315918

0.050148963928222656

0.05303025245666504

0.05065560340881348

0.05584883689880371

0.05563759803771973

0.060331106185913086

0.05575108528137207

0.057604074478149414

0.05568432807922363

0.057420969009399414

0.05578351020812988

0.05689430236816406

0.05471682548522949

0.05500006675720215

0.0554044246673584

0.05305600166320801

0.054404258728027344

0.052683115005493164

0.05933856964111328

0.05371356010437012

0.05685925483703613

0.054467201232910156

0.05724191665649414

0.05393624305725098

0.0564417839050293

0.05344557762145996

0.05694127082824707

0.054083824157714844

0.05651140213012695

0.05368542671203613

0.05707740783691406

0.05440807342529297

0.0557866096496582

0.05410361289978027

0.056075096130371094

0.053958892822265625

0.05653834342956543

0.05385017395019531

0.056769609451293945

0.05428934097290039

0.055954933166503906

0.05393862724304199

0.05516409873962402

0.05375552177429199

0.05629706382751465

0.05391693115234375

0.05462527275085449

0.05396413803100586

0.05507063865661621

0.05450701713562012

0.05443310737609863

0.05357027053833008

0.05540060997009277

0.0554051399230957

0.054250478744506836

0.053600311279296875

0.05517983436584473

0.055593252182006836

0.054479360580444336

0.05373692512512207

0.055747270584106445

0.05588221549987793

0.054305076599121094

0.05364370346069336

0.05535531044006348

0.055846452713012695

0.054010629653930664

0.053826332092285156

0.05574989318847656

0.055916547775268555

0.05385756492614746

0.05394411087036133

0.05537247657775879

0.05571103096008301

0.054605960845947266

0.05463671684265137

0.05539822578430176

0.05538010597229004

0.055496931076049805

0.05331254005432129

0.056171417236328125

0.055973052978515625

0.05370211601257324

0.053360939025878906

0.05480480194091797

0.05537843704223633

0.05379748344421387

0.05345511436462402

0.05499553680419922

0.05539226531982422

0.05386805534362793

0.05325746536254883

0.054613590240478516

0.05691218376159668

0.05394744873046875

0.052321434020996094

0.05597186088562012

0.05572509765625

0.05438518524169922

0.05325126647949219

0.05625653266906738

0.055533409118652344

0.05431509017944336

0.0530552864074707

0.05634260177612305

0.055919647216796875

0.052909135818481445

0.05369424819946289

0.05612683296203613

0.0560460090637207

0.05455899238586426

0.05338788032531738

0.05641460418701172

0.056206464767456055

0.0545346736907959

0.05397200584411621

0.05573892593383789

0.05643653869628906

0.05549359321594238

0.05340385437011719

0.05607008934020996

0.05694174766540527

0.05469822883605957

0.05489230155944824

0.05591320991516113

0.05665898323059082

0.05472254753112793

0.05435895919799805

0.05484962463378906

0.0559229850769043

0.05510520935058594

0.0532379150390625

0.05527949333190918

0.055556297302246094

0.054628849029541016

0.05523419380187988

0.05536937713623047

0.05583453178405762

0.055367469787597656

0.05512285232543945

0.05497336387634277

0.05567288398742676

0.05515789985656738

0.054967641830444336

0.05492854118347168

0.0558171272277832

0.05531191825866699

0.053060293197631836

0.05303502082824707

0.055657148361206055

0.0549929141998291

0.05520486831665039

0.054743289947509766

0.05550360679626465

0.054872751235961914

0.05514240264892578

0.05419421195983887

0.055265188217163086

0.054547786712646484

0.05465292930603027

0.054909706115722656

0.05538511276245117

0.05470418930053711

0.05466628074645996

0.054598331451416016

0.05538797378540039

0.054264068603515625

0.05453753471374512

0.054488420486450195

0.055290937423706055

0.05440878868103027

0.054261207580566406

0.05465197563171387

0.055562496185302734

0.05432438850402832

0.05452394485473633

0.05466461181640625

0.055225372314453125

0.054529428482055664

0.05433011054992676

0.05444955825805664

0.05518460273742676

0.053904056549072266

0.05492401123046875

0.05453777313232422

0.05532050132751465

0.05462980270385742

0.05497574806213379

0.05442976951599121

0.05525350570678711

0.05439186096191406

0.055393218994140625

0.054468631744384766

0.05536961555480957

0.05437636375427246

0.055615901947021484

0.054781436920166016

0.05557560920715332

0.05413317680358887

0.05502152442932129

0.054643869400024414

0.05518364906311035

0.05409073829650879

0.05551791191101074

0.0546112060546875

0.055782318115234375

0.05394411087036133

0.055716753005981445

0.05442500114440918

0.055646657943725586

0.05411028861999512

0.05529356002807617

0.05437421798706055

0.054891109466552734

0.05452418327331543

0.055377960205078125

0.05451035499572754

0.0550992488861084

0.05493974685668945

0.055266380310058594

0.05333876609802246

0.05544090270996094

0.05463719367980957

0.05575108528137207

0.05509471893310547

0.05577588081359863

0.05491828918457031

0.05586385726928711

0.05480623245239258

0.055573225021362305

0.054937124252319336

0.05631065368652344

0.05508255958557129

0.05488705635070801

0.054369449615478516

0.0558629035949707

0.05474591255187988

0.05581545829772949

0.05631875991821289

0.05641651153564453

0.055341482162475586

0.05619192123413086

0.05423116683959961

0.0574946403503418

0.05480599403381348

0.055695533752441406

0.05371260643005371

0.05573701858520508

0.05511593818664551

0.0557255744934082

0.05396723747253418

0.05596494674682617

0.05481767654418945

0.055722951889038086

0.053932905197143555

0.056185007095336914

0.05518198013305664

0.05568385124206543

0.05402493476867676

0.05364036560058594

0.05116748809814453

0.04931640625

0.05068230628967285

0.05173325538635254

0.05107569694519043

0.05168318748474121

0.0516357421875

0.05131697654724121

0.054511308670043945

0.05558323860168457

0.053141117095947266

0.05466938018798828

0.05510759353637695

0.053363800048828125

0.05472302436828613

0.05564713478088379

0.05357003211975098

0.054892539978027344

0.055144309997558594

0.05351972579956055

0.05475497245788574

0.055489301681518555

0.05366921424865723

0.0547490119934082

0.05493044853210449

0.05242490768432617

0.051718711853027344

0.049527645111083984

0.05174589157104492

0.05163884162902832

0.05484318733215332

0.05557417869567871

0.056482791900634766

0.05598163604736328

1.185697317123413

0.21384191513061523

1.4937753677368164

0.7218778133392334

0.1683332920074463

0.1704263687133789

0.16829705238342285

0.1693875789642334

0.16882848739624023

0.16792058944702148

0.16800355911254883

0.16927337646484375

0.17090463638305664

0.17096686363220215

0.17264604568481445

0.1722273826599121

0.1676781177520752

0.16945528984069824

0.16800785064697266

0.1693098545074463

0.17409062385559082

0.17395329475402832

0.17284846305847168

0.17309260368347168

0.1681365966796875

0.1681206226348877

0.16831374168395996

0.1684262752532959

0.1704854965209961

0.17061924934387207

0.17131400108337402

0.17163467407226562

0.16992616653442383

0.171173095703125

0.17120695114135742

0.17014837265014648

0.16835904121398926

0.16953158378601074

0.1671466827392578

0.16806793212890625

0.17497801780700684

0.17178082466125488

0.17337465286254883

0.17278122901916504

0.16799402236938477

0.16905689239501953

0.16743683815002441

0.16781926155090332

0.1738748550415039

0.17378926277160645

0.17323708534240723

0.17406153678894043

0.16996288299560547

0.16871047019958496

0.16920042037963867

0.17029500007629395

0.17240643501281738

0.17128372192382812

0.17281341552734375

0.17128229141235352

0.1720113754272461

0.17215418815612793

0.17103981971740723

0.17126083374023438

0.17029953002929688

0.1691265106201172

0.16930818557739258

0.1705489158630371

0.1739194393157959

0.17418265342712402

0.17598962783813477

0.17614197731018066

0.17069053649902344

0.17075347900390625

0.16949820518493652

0.16952991485595703

0.17442917823791504

0.17451834678649902

0.17327117919921875

0.17339491844177246

0.17083311080932617

0.17113828659057617

0.16980552673339844

0.16986966133117676

0.1726384162902832

0.17016243934631348

0.17112946510314941

0.17226815223693848

0.17406225204467773

0.17392206192016602

0.1728379726409912

0.17102909088134766

0.16891694068908691

0.17067790031433105

0.16463303565979004

0.17091059684753418

0.17421650886535645

0.17587041854858398

0.1737222671508789

0.17606735229492188

0.17027044296264648

0.17239594459533691

0.1672351360321045

0.16901707649230957

0.1724090576171875

0.17428898811340332

0.17238426208496094

0.17271041870117188

0.16979002952575684

0.17022061347961426

0.1703939437866211

0.17017436027526855

0.17000436782836914

0.17020225524902344

0.16859197616577148

0.16866302490234375

0.17265081405639648

0.17234468460083008

0.17238330841064453

0.1709303855895996

0.16982722282409668

0.16993308067321777

0.16942334175109863

0.16770672798156738

0.1743462085723877

0.1748058795928955

0.17252063751220703

0.1744213104248047

0.16982603073120117

0.16998720169067383

0.16909050941467285

0.16959071159362793

0.1730029582977295

0.17402863502502441

0.1742711067199707

0.17304778099060059

0.17014169692993164

0.169356107711792

0.16875553131103516

0.17060518264770508

0.16877222061157227

0.16810989379882812

0.16902518272399902

0.1697084903717041

0.17241549491882324

0.17147541046142578

0.1727128028869629

0.17365741729736328

0.1686415672302246

0.1687030792236328

0.16954255104064941

0.16832947731018066

0.17420101165771484

0.17423582077026367

0.17415404319763184

0.1746964454650879

0.1694483757019043

0.16945219039916992

0.16949963569641113

0.16977405548095703

0.17145729064941406

0.17192339897155762

0.17206168174743652

0.17276477813720703

0.17022943496704102

0.1701512336730957

0.17043042182922363

0.16965627670288086

0.16881728172302246

0.16835236549377441

0.1685326099395752

0.16904592514038086

0.17325472831726074

0.1738579273223877

0.1738741397857666

0.17362713813781738

0.16867661476135254

0.17035746574401855

0.17047786712646484

0.1688556671142578

0.17483210563659668

0.17335748672485352

0.17359423637390137

0.17508769035339355

0.1708848476409912

0.17097997665405273

0.1691737174987793

0.16944026947021484

0.1730332374572754

0.1730058193206787

0.17133808135986328

0.17152690887451172

0.17024517059326172

0.17190027236938477

0.17032217979431152

0.17195749282836914

0.17042779922485352

0.17044639587402344

0.16842031478881836

0.1685638427734375

0.1749260425567627

0.175079345703125

0.17710232734680176

0.17718505859375

0.17032074928283691

0.16890525817871094

0.17055177688598633

0.16896867752075195

0.17413830757141113

0.1726083755493164

0.1743466854095459

0.1726396083831787

0.17163848876953125

0.1698923110961914

0.17188215255737305

0.17009353637695312

0.17163848876953125

0.17162704467773438

0.17019033432006836

0.16872286796569824

0.17143893241882324

0.17173361778259277

0.17361116409301758

0.17358970642089844

0.17072391510009766

0.17077970504760742

0.1687326431274414

0.1689150333404541

0.17432522773742676

0.17654156684875488

0.17663073539733887

0.17448163032531738

0.17030072212219238

0.17037153244018555

0.16885828971862793

0.1687767505645752

0.17162179946899414

0.17180109024047852

0.17403340339660645

0.17414283752441406

0.17154884338378906

0.1700277328491211

0.17023587226867676

0.17209267616271973

0.17057251930236816

0.16872692108154297

0.17092180252075195

0.16900372505187988

0.17141246795654297

0.17162036895751953

0.1739823818206787

0.17172980308532715

0.17257404327392578

0.17336344718933105

0.17148733139038086

0.16806650161743164

0.17545652389526367

0.17506051063537598

0.174849271774292

0.174851655960083

0.17062067985534668

0.17078709602355957

0.16869688034057617

0.16872024536132812

0.1715247631072998

0.17166972160339355

0.1728525161743164

0.17299985885620117

0.17390060424804688

0.17385530471801758

0.1707601547241211

0.17162466049194336

0.1690530776977539

0.1690959930419922

0.1687173843383789

0.16887283325195312

0.17406916618347168

0.17414498329162598

0.17180991172790527

0.17145514488220215

0.17066073417663574

0.1706540584564209

0.16918039321899414

0.16907954216003418

0.1751089096069336

0.17497658729553223

0.17394065856933594

0.1741352081298828

0.17031264305114746

0.16893362998962402

0.1691606044769287

0.17071890830993652

0.1721792221069336

0.1711258888244629

0.17293024063110352

0.1711435317993164

0.17319297790527344

0.17280364036560059

0.17079710960388184

0.17107868194580078

